airbears2-10-142-151-80:Desktop gmachiraju$ python entropizer.py tRNA.stock
Traceback (most recent call last):
  File "entropizer.py", line 27, in <module>
    except FileNotFoundError: 
NameError: name 'FileNotFoundError' is not defined
airbears2-10-142-151-80:Desktop gmachiraju$ python entropizer.py tRNA.stock
4
36
61
70
71
93
109
117
42
57
(38, 51)
(1, 115)
(2, 114)
(40, 49)
(14, 30)
(88, 105)
(37, 52)
(87, 106)
(7, 110)
(6, 111)
(5, 112)
(3, 113)
(13, 31)
(86, 108)
(35, 54)
(39, 50)
(0, 116)
(90, 104)
(59, 79)
(60, 78)
(58, 80)
(17, 85)
(59, 60)
(78, 79)
(60, 79)
(58, 59)
(79, 80)
(22, 23)
(59, 78)
(59, 80)
(58, 79)
(66, 67)
(78, 80)
(59, 67)
(59, 66)
(58, 60)
(60, 80)
(62, 77)
(66, 79)
(66, 80)
(58, 67)
(58, 66)
(91, 103)
(67, 80)
(67, 79)
(58, 78)
(66, 68)
(67, 68)
(15, 29)
(60, 67)
airbears2-10-142-151-80:Desktop gmachiraju$ python entropizer_1.py tRNA.stock
4
36
61
70
71
93
109
117
42
57
(38, 51)
(1, 115)
(2, 114)
(40, 49)
(14, 30)
(88, 105)
(37, 52)
(87, 106)
(7, 110)
(6, 111)
(5, 112)
(3, 113)
(13, 31)
(86, 108)
(35, 54)
(39, 50)
(0, 116)
(90, 104)
(59, 79)
(60, 78)
(58, 80)
(17, 85)
(59, 60)
(78, 79)
(60, 79)
(58, 59)
(79, 80)
(22, 23)
(59, 78)
(59, 80)
(58, 79)
(66, 67)
(78, 80)
(59, 67)
(59, 66)
(58, 60)
(60, 80)
(62, 77)
(66, 79)
(66, 80)
(58, 67)
(58, 66)
(91, 103)
(67, 80)
(67, 79)
(58, 78)
(66, 68)
(67, 68)
(15, 29)
(60, 67)
airbears2-10-142-151-80:Desktop gmachiraju$ 
